1.669372986970824868e-01
4.803570929349898488e-02
-3.646189138953352948e-01
-2.420951742533770934e-02
5.087318060167655975e-03
-9.004663279144913338e-03
-9.817856132128836844e-02
-1.631692811178291416e-02
-2.744843107537065039e-03
-6.748533996005540159e-02
9.847248255201111397e-03
1.964827115486560138e-01
1.304200713507547293e-02
-3.411753789639811879e-02
-3.102846659957258710e-02
3.260923760637157720e-02
1.082991687873582770e-01
2.266625001827310415e-02
-2.019737195040955391e-01
-6.639623132268471228e-02
-6.263058165570946356e-02
-2.690828853258934172e-01
8.330594352192974630e-03
3.611298959489514949e-03
1.894836900775306587e-01
-6.385022900873164875e-02
-1.078854949693269609e-02
-1.277715210358349729e-01
1.089139954949461947e-01
2.282070679659757573e-01
5.239724678230253674e-02
2.206194226244236056e-02
3.133885929527990832e-02
-2.242927113218748034e-02
6.598237848759387625e-02
-1.506672068425155553e-01
5.749571959673772936e-02
-8.355756909216283113e-02
8.344247944632565694e-02
5.559655075084340980e-02
-5.733804074361376762e-02
-3.850477379520770866e-03
2.049323129556381573e-01
6.913203337708014040e-03
3.410059598886314158e-02
1.164490667324708795e-01
-9.809889420281861505e-02
1.236073826842684215e-01
9.503724421561271507e-02
-1.722987680815524780e-01
4.174101191743894573e-02
1.595352719452305945e-01
2.169892547794481374e-01
-1.081151113620802684e-01
-1.314725506041063974e-01
4.692652367981790806e-02
-4.957678241140699854e-02
5.469850258091023265e-02
1.710120910529069060e-01
2.398331068308574496e-02
8.125490617347065625e-02
8.562192315650618557e-02
-7.409504566587803501e-03
9.131747427805746165e-02
7.905262312131890179e-02
8.086404374793322580e-02
9.572926223253019895e-02
-2.580061611630429450e-02
1.433868528253326446e-01
1.308595548385458607e-01
1.009669314592640844e-02
1.015036671810619906e-01
-1.256695818579545154e-02
1.101067033740150553e-01
-8.177112095095126487e-02
-1.060905486639203421e-01
4.438493836826284261e-02
-9.704824487718370640e-02
1.138590082540281295e-01
1.356638097818830546e-01
-1.760476142974930769e-01
-3.912165393851753381e-02
-7.085281966439688217e-02
1.644681531256238574e-02
3.756909676384941055e-02
6.844703897021296723e-02
1.440854004069476446e-01
1.490474971816261318e-01
-1.178824399993349537e-01
9.581398926679933481e-02
-6.913354973089060745e-03
4.588558842999904130e-02
1.367145506694183721e-01
-1.082772726922089368e-01
7.901602322275347312e-02
6.588938801464017114e-02
1.197269330630688772e-01
5.210574145029326504e-02
7.143035126611003982e-02
9.541819333179463181e-02
-2.681185161101198519e-02
-6.695540026917055909e-02
8.027372391499797144e-02
-3.259878927417442229e-02
9.767503509045580290e-02
1.590794200187775898e-01
8.238702882989017151e-02
1.108035836529758650e-01
-6.689729863547654032e-02
-1.642351463161196429e-02
1.162338761320729635e-02
-9.569024386424034023e-03
3.463881791721871301e-02
-2.394249245023924444e-02
4.053380234307629726e-02
-2.975999129905922483e-02
-5.975914977237202497e-02
1.077113398857930116e-01
1.346025611081249074e-01
-1.920742249906476698e-02
-6.512751521135044797e-02
1.729643803356404330e-01
6.811287295878049042e-02
6.739415646092128398e-02
8.801980377482031270e-02
-5.235673622385096648e-02
-7.591429434218506522e-02
1.173147711466356602e-01
7.893968746163240735e-02
-4.802446107023540522e-02
-3.850200882583310752e-02
-1.386453722966704827e-01
-1.144518876773877036e-01
-1.591651105000711818e-03
-2.725106702863456035e-02
-3.562279060181587631e-02
6.427602948225616397e-02
6.068718929665848499e-02
-3.090318292629946617e-01
-3.441594021308912871e-02
2.839210697833992412e-03
3.712008977642571039e-02
-3.289132660543446496e-02
1.052375027866537041e-02
-3.572072032158470078e-02
-1.073829235944804145e-01
-7.103409461309459494e-02
5.686867499767384732e-02
-1.591332327072069730e-01
-6.567072283444454726e-03
1.603968792911569102e-02
7.570331961411617960e-02
-2.419130183015915370e-01
1.383954409239855077e-01
3.371791855406230248e-02
4.797223789416733136e-02
1.379530325871340946e-01
1.194023488497912566e-02
-3.829121376173158509e-02
-1.831254606550218322e-01
1.062188008316275814e-02
1.109270006167615841e-01
-1.213376765510987138e-01
1.022680901746205184e-01
-1.999504780928557102e-02
1.058634651240548674e-01
-5.885473248460181689e-02
1.570705195307755542e-01
1.431786166024734408e-01
-4.383553719198692716e-02
2.323235136064616124e-01
6.157690870814543083e-02
6.733431199866166811e-03
8.171872589078327948e-03
2.558983414420737748e-02
8.635286876885736596e-02
-5.805081955667139304e-02
9.454285204167764411e-02
3.420523369104906675e-02
-5.594747137222652600e-02
-1.037130630726894182e-01
-1.253298560622582124e-02
4.493995008703309535e-02
7.249939903661789531e-02
4.035008312953845648e-03
1.144793405944563025e-01
7.771304382211684236e-02
1.516822454363678241e-01
5.924209227226620578e-02
7.316982093219917549e-02
1.748093235011665900e-02
8.019888017254940549e-02
9.634928347588604669e-02
-5.582201321430802637e-02
-2.659855315961975539e-02
8.793254358604184195e-02
5.410443824970802285e-02
-6.523195881002920304e-02
-2.098127048457604227e-02
3.112917218199212979e-02
1.099164184839347413e-01
3.340681088017257577e-02
7.049248363798982231e-02
6.527261984311244492e-02
1.084109963027012069e-02
5.591756179004562372e-02
-6.508167114337190529e-02
-7.919790359918447986e-02
1.308490218997375720e-01
1.263723482689737276e-01
5.169711424930081844e-02
2.862608728129721961e-02
4.315939823396297559e-02
-1.409973370166188733e-01
4.230371403391865182e-02
-7.329835998417730258e-04
-1.628400727856285091e-01
-3.952315411472177159e-02
-1.627527696949521430e-01
5.102081724070654106e-02
1.196754106900495829e-01
-9.973389316339857646e-02
-1.254018159056525389e-02
1.288024065780335459e-01
2.344964280417743269e-02
-5.817362889037322460e-02
1.314905781221346603e-01
1.581803125170460483e-02
3.751659113633171866e-02
-1.092728080670406221e-01
-5.717588531480589237e-02
-1.151214024461690716e-01
-5.082932179926341609e-02
-1.275089253610765805e-02
-2.940540489083532955e-03
9.475015873087640206e-02
-2.241912438053554266e-02
5.397797221446146154e-02
7.024389652375950810e-02
7.303429418169767040e-02
6.525387744713316562e-02
8.592743340286373641e-03
1.375445341003290745e-01
4.042478772424939332e-02
-1.082452213991990236e-01
1.320678823042673034e-01
-1.721080149723184420e-03
1.535327912553468427e-02
-2.116369911797498157e-02
1.426117870864671289e-01
2.473529191910120162e-01
1.172600559322248409e-01
1.189710318055184346e-01
5.885582963068355933e-02
-2.046166904515036300e-01
6.033486159086082212e-02
-2.232192800996481499e-02
8.603848883999937192e-02
-5.224932688880743609e-02
3.815974824849641817e-02
1.781824298143729404e-02
-9.002245562538291335e-02
2.490458583457696995e-02
6.850212554906582110e-04
-7.679100375222708275e-02
-6.677767523506150660e-02
1.088657572577514110e-01
-4.301412604376728815e-02
3.748048545282315486e-02
-8.101291299162627357e-02
-5.835543022140444319e-02
6.881522337363238200e-03
7.918501819945088227e-02
-1.010549773903008236e-01
8.657465789192585193e-02
1.481152078053368515e-01
-1.217802517454716349e-02
5.991050572351538928e-02
5.644618920954041011e-04
8.874573051570985860e-02
-1.079581015543335382e-01
7.647088117268303897e-02
-3.994105367458451739e-02
3.315111628755204598e-02
5.819926370833419793e-02
5.284036921928460424e-03
-1.875583661617337694e-01
-1.557770175202643215e-01
4.890904603291908181e-02
1.003045801289150357e-01
1.288643544306602995e-01
-7.412698056663132029e-02
-2.019467255341476086e-01
-1.948102296267846811e-01
3.427217383381873927e-02
1.402019388560306057e-01
-2.128646448520618573e-01
-3.217695764734845865e-01
1.926858676095409562e-02
1.468081691256662435e-01
-7.910889055390386837e-02
9.016516009326674963e-02
6.595104456792108549e-02
3.696259278053320302e-02
2.171425715420743224e-02
-3.556215751903715055e-02
-2.241269062368096143e-01
-1.985716671634054076e-01
5.248126496532990598e-02
-4.915793564850758079e-03
-2.855840025797138360e-01
2.222488880062739591e-02
-5.343428838868277686e-03
-1.104150699672144798e-01
-4.863719957919300160e-04
-9.245674769868338083e-02
-3.573558691249058283e-02
3.921881974122657516e-02
1.607924698961862020e-01
6.454513859174056123e-02
8.673307934281213050e-03
-6.775090074253352357e-02
-7.710417871098745879e-02
4.904115481774920862e-03
-1.041089574825198281e-02
7.115915673616356185e-02
1.162440322858190878e-01
-1.080194280084023628e-01
-1.751804933684405763e-01
4.840301069844347298e-02
2.025864554516762506e-02
-1.222436274516460440e-02
-2.160932419280673089e-01
-4.091616350242496120e-02
3.549947466133036855e-02
1.401981975510904477e-01
1.307544237037669976e-01
-5.582473633709876537e-02
1.102971411419381015e-01
1.435848193704259423e-01
7.056966489071851700e-02
-9.716133934919117532e-02
8.992102077637204038e-02
5.260761775854973232e-02
6.202045231975027162e-02
1.460955655329855551e-02
-5.780938533827550962e-03
1.951370831865313904e-01
3.017270211369617317e-02
-5.269237325942789651e-02
1.000375198344691935e-02
8.346162129327028972e-03
-1.468800704770741039e-02
1.452096595528909982e-02
8.189083864530839751e-02
8.755877778197167227e-02
9.614394418056994296e-02
1.886995310110238522e-02
-2.964557658549445487e-02
-6.984122114344834542e-05
-6.259437054015989932e-02
1.288403353557720510e-01
-2.137726443866630813e-02
9.771347084759229862e-02
-1.261728690602142988e-01
6.737313477708975484e-02
6.350193960693045758e-02
-1.878193733872501048e-01
-3.486736028876204208e-02
2.266832346658634832e-03
1.792459936236618645e-01
-4.460451870641437416e-02
-7.755595845708876390e-02
8.498497710345689210e-03
8.009546535257604238e-02
1.048066698286309328e-01
8.183347902902364523e-02
6.820730598074403739e-02
-7.804794658093615334e-02
-3.973911903888469738e-02
7.240690736176866142e-03
-3.879268544132983415e-02
4.984428574682384094e-02
-9.906973923618551947e-02
-5.689017180691720993e-02
-1.656552164516854608e-01
-1.154469224463048060e-01
4.775687763422709411e-03
1.190030622753648487e-01
2.567688308551772589e-02
2.973314677827848529e-02
2.567200509257884511e-03
3.418462613175154985e-02
-1.461423815662919456e-01
-6.958863625061212366e-02
-1.093599354794216189e-01
6.747952216338963527e-02
7.362400585100901951e-02
8.094652083874126491e-02
1.564013067560980352e-01
-9.584540052799631754e-03
6.338629907498520566e-02
2.807216634304627451e-02
-4.634415049464624126e-02
8.888631721093043225e-02
1.293340143442622131e-02
1.233823733520400950e-01
9.403902101058968233e-02
4.892557328635713937e-02
1.359286157954336660e-01
-8.095529426769784709e-02
6.669621548090502727e-02
1.584247749013884821e-01
-1.035148015004921790e-01
9.370814229326569766e-02
-1.168894917846388382e-01
1.516995870363921362e-01
1.647390764544551939e-02
5.229515352570708597e-02
3.740784341932058832e-02
7.133561989994047225e-02
-7.689837335290801434e-02
4.059423690663994250e-02
2.856207817974021693e-02
1.389818258904073831e-02
1.863898325217951471e-02
-7.518437632876266707e-02
-1.788568572398391010e-01
8.067870155277256927e-02
1.746652782375762714e-02
-1.774990796822147610e-01
1.395598660167562260e-02
-1.429649571008139580e-02
3.639524803386302160e-02
1.493093002627280674e-01
-4.761104575937703809e-02
3.293716474916335429e-02
-6.973368495822263036e-02
-1.709245892321885341e-02
4.553016719481878249e-02
2.050517498905715941e-01
-4.428705524241256519e-01
1.019540017807050031e-01
6.171858457653633251e-02
5.667931608890085238e-02
-7.293086835798874568e-02
6.490687423655536192e-02
-1.877204008540008517e-01
-5.791480482736662688e-02
6.831178315136801626e-02
3.511237169085248272e-02
1.998041622013052576e-01
7.549066891502895227e-02
3.633172495965157622e-02
-3.500688479181905677e-02
5.321303294319450206e-02
-4.736585098087237045e-02
1.370789865069042546e-01
1.452158436726318780e-01
9.505690824835921759e-02
-2.494635283349929955e-01
-1.531685607940720846e-02
3.673043259542314865e-02
1.701923125288578448e-02
1.090343019558035337e-01
7.935242697226346786e-02
-7.570297000898212891e-02
-1.182180707666181246e-02
1.465110160819339986e-02
-8.125016973570830386e-03
1.739049204405429538e-02
1.026695880627262053e-01
-2.264566177300728327e-03
-4.036131282363344952e-02
1.571766807256241294e-01
1.038736960791920676e-02
4.568800057828126260e-02
-8.350398433105650497e-02
-5.915508066953115845e-02
-1.253697675399984557e-01
-1.604160919801490282e-01
3.482292432233830438e-03
6.081324098690308461e-02
4.941101764311403577e-02
1.115193107427253916e-01
9.325832444796591791e-02
-1.151911418355672095e-01
7.040934568526556470e-02
-1.073566032995303260e-01
-6.794207670225864415e-02
1.273472061764117647e-01
9.519509699580631923e-02
-1.625505499635895856e-02
1.359752394930335562e-01
7.327566659158506190e-02
2.234068167650717085e-02
-7.130796545671350128e-03
7.907462624042521648e-02
5.526929493329618692e-02
-4.761498279039522857e-02
-6.292022370164479517e-02
-1.082160422086996150e-02
-1.383164047694564192e-02
3.329557509826232969e-02
1.508059137112302828e-01
-7.601549794564206597e-02
-8.851461373862497262e-02
-2.383084345764115708e-01
-9.470788948654050576e-02
-1.278440959743150918e-01
1.007853065456820602e-01
3.314600136290329208e-02
5.091088568409012777e-02
-7.704389869844908978e-02
1.875428411905391557e-01
1.433983083657061966e-03
-2.311385614365209784e-01
-6.213881071907937509e-02
1.538128343561591949e-01
7.527814840230045990e-02
-4.034471490922864403e-03
2.338784956053150885e-02
1.974254034846974204e-01
-3.987088590003497190e-02
-4.060503603948799334e-02
1.250018409996906388e-01
1.071962674022996220e-01
-1.484616820521194799e-02
-1.955369485937692026e-02
5.547694191737411601e-02
3.435970708346827024e-02
1.061353272504357292e-01
1.967206428829766651e-01
2.275574854234139327e-02
-1.674015156831521467e-01
-1.970411955238837373e-02
1.052195511519494059e-01
1.860311955823871488e-01
4.731241647765726394e-02
8.063873985194763838e-02
-6.245503636834189021e-02
-2.836518989396228513e-02
1.300477486779256231e-01
3.344247538254258578e-01
-5.667114550451545635e-02
-1.359713000273049879e-02
7.425904178007726453e-02
1.529661429660088279e-01
2.262858451964773476e-02
1.224714126649024959e-01
3.767365936418157202e-02
-8.586103867665695333e-02
1.464334262188594082e-01
9.515802859144197046e-02
-3.187979933248315939e-02
1.519192829110996290e-01
8.644712760005270058e-02
1.394216993462964738e-01
-5.920642476666580778e-02
-1.504039797553918117e-02
-9.755760651461696520e-02
1.041206958673151078e-01
-3.124845340333705715e-02
1.575853985354358326e-03
1.280441293188915898e-02
-1.418500706368885748e-02
-3.150435010257040536e-01
1.105212214361475098e-01
1.100278814711447423e-01
-3.142759120526168737e-02
-1.387861707712827741e-01
9.370661505290239779e-02
1.143215261239752256e-01
8.310725526454815215e-02
-1.772308817394212949e-02
-8.735800869520468637e-02
-1.253224179578574585e-02
2.598239973230156638e-02
1.139243605571298584e-01
-6.320110108307905317e-02
1.293200141408701043e-01
7.777153990445387355e-02
-7.124215721820309488e-02
1.139567990323658020e-01
1.522936540885168610e-01
1.637354139309906143e-01
9.777955989458957109e-02
-6.378638820501777995e-02
8.634940891605399904e-02
-3.672254703966798539e-02
-5.443617803150496703e-02
9.513796845053415843e-03
-5.549818621398180246e-02
1.458643077763139284e-01
5.110657860438397315e-02
1.972461152296000469e-03
4.180881071445465696e-02
-9.243573917522476813e-02
-2.177431958738348383e-01
-1.101067348218691955e-01
1.653265014655626308e-01
-4.148701098472071941e-02
-6.199169510203664940e-02
-1.003588112546772472e-02
-8.478395017122525301e-02
4.642320181776206367e-02
5.880065631060039238e-02
-1.015231361699410334e-01
-2.438066386206860087e-02
-4.298198819843041668e-02
